%YAML:1.0
---
output_ports: 8888, 8889, 9000, 9001, 8888, 8888, 9999, 8888, 8888, 8888, 8888, 8888, 8888, 9000
output_ips: 10.10.0.6, 10.10.0.6, 10.10.0.6, 10.10.0.6, 10.10.0.7, 155.185.4.206, 155.185.4.206, 155.185.4.187, 155.185.5.1, 10.10.0.11, 10.10.0.8, 10.10.0.13, 10.0.6.237, 127.0.0.1
